0.0769231 0.529412 2.0553e+185
0.153846 0.529412 4.00956e-315
0.230769 0.529412 0
0.307692 0.529412 2.61361e-321
0.384615 0.529412 6.9468e-310
0.461538 0.529412 6.9468e-310
0.538462 0.529412 0
0.615385 0.529412 0
0.692308 0.529412 0
0.769231 0.529412 0
0.846154 0.529412 0
0.923077 0.529412 0
0.0769231 0.588235 0
0.153846 0.588235 0
0.230769 0.588235 0
0.307692 0.588235 0
0.384615 0.588235 0
0.461538 0.588235 0
0.538462 0.588235 0
0.615385 0.588235 0
0.692308 0.588235 0
0.769231 0.588235 0
0.846154 0.588235 0
0.923077 0.588235 0
0.0769231 0.647059 0
0.153846 0.647059 0
0.230769 0.647059 0
0.307692 0.647059 0
0.384615 0.647059 0
0.461538 0.647059 0
0.538462 0.647059 0
0.615385 0.647059 0
0.692308 0.647059 0
0.769231 0.647059 0
0.846154 0.647059 0
0.923077 0.647059 0
0.0769231 0.705882 0
0.153846 0.705882 0
0.230769 0.705882 0
0.307692 0.705882 0
0.384615 0.705882 0
0.461538 0.705882 0
0.538462 0.705882 0
0.615385 0.705882 0
0.692308 0.705882 0
0.769231 0.705882 0
0.846154 0.705882 0
0.923077 0.705882 0
0
0
0
0
0
0
0
0
0
0
0
0
0
0
0
0
0
0
0
0
0
0
0
0
0
0
0
0
0
0
0
0
0
0
0
0
0
0
0
0
0
0
0
0
0
0
0
0
7.35954e-317
4.79244e-322
6.94679e-310
6.94679e-310
2.122e-314
7.41483e-317
7.43865e-317
2.42092e-322
8.32174e-317
6.94679e-310
2.122e-314
6.87282e+246
4.74303e-322
3.95253e-322
7.90505e-323
1.08694e-322
0
6.87282e+246
3.98455e+252
8.31181e-317
8.31215e-317
8.31272e-317
3.95253e-322
1.63042e-322
5.34859e-310
6.94679e-310
6.94679e-310
1.63042e-322
8.73893e-315
8.70025e+150
5.34859e-310
2.42092e-322
1.13073e+277
7.49437e-317
7.22927e+165
1.695e+166
2.37152e-322
1.63042e-322
5.6373e-67
4.24528e-315
0
1.63042e-322
6.94679e-310
7.49397e-317
1.58101e-322
2.42092e-322
1.99551e+161
7.34518e+223
2.0553e+185
4.00956e-315
0
2.61361e-321
6.9468e-310
6.9468e-310
0
0
0
0
0
0
0
0
0
0
0
0
0
0
0
0
0
0
0
0
0
0
0
0
0
0
0
0
0
0
0
0
0
0
0
0
0
0
0
0
0
0
0
0
0
0
0
0
0
0
0
0
0
0
0
0
0
0
0
0
0
0
0
4.79244e-322
6.9468e-310
4.94066e-324
7.37246e-317
7.381e-317
4.94066e-324
7.49398e-317
9.65267e-315
0
0
0
0
4.79244e-322
6.9468e-310
4.94066e-324
7.37251e-317
7.37242e-317
4.94066e-324
7.44417e-317
8.65281e-315
0
0
0
0
4.79244e-322
6.9468e-310
4.94066e-324
