0.0769231 0.764706 0
0.153846 0.764706 0
0.230769 0.764706 0
0.307692 0.764706 0
0.384615 0.764706 0
0.461538 0.764706 0
0.538462 0.764706 0
0.615385 0.764706 0
0.692308 0.764706 0
0.769231 0.764706 0
0.846154 0.764706 0
0.923077 0.764706 0
0.0769231 0.823529 0
0.153846 0.823529 0
0.230769 0.823529 0
0.307692 0.823529 0
0.384615 0.823529 0
0.461538 0.823529 0
0.538462 0.823529 0
0.615385 0.823529 0
0.692308 0.823529 0
0.769231 0.823529 4.79244e-322
0.846154 0.823529 6.94981e-310
0.923077 0.823529 4.94066e-324
0.0769231 0.882353 1.87294e-316
0.153846 0.882353 1.8738e-316
0.230769 0.882353 4.94066e-324
0.307692 0.882353 1.8851e-316
0.384615 0.882353 9.65267e-315
0.461538 0.882353 0
0.538462 0.882353 0
0.615385 0.882353 0
0.692308 0.882353 0
0.769231 0.882353 4.79244e-322
0.846154 0.882353 6.94981e-310
0.923077 0.882353 4.94066e-324
0.0769231 0.941176 1.87295e-316
0.153846 0.941176 1.87294e-316
0.230769 0.941176 4.94066e-324
0.307692 0.941176 1.88012e-316
0.384615 0.941176 8.65281e-315
0.461538 0.941176 0
0.538462 0.941176 0
0.615385 0.941176 0
0.692308 0.941176 0
0.769231 0.941176 4.79244e-322
0.846154 0.941176 6.94981e-310
0.923077 0.941176 4.94066e-324
0
0
0
0
0
0
0
0
0
0
0
0
0
0
0
0
0
0
0
0
0
0
0
0
0
0
0
0
0
0
0
0
0
0
0
0
0
0
0
0
0
0
0
0
0
0
0
0
1.87165e-316
4.79244e-322
6.94981e-310
6.94981e-310
2.122e-314
1.87799e-316
1.87956e-316
2.42092e-322
1.96787e-316
6.94981e-310
2.122e-314
6.87282e+246
4.74303e-322
3.95253e-322
7.90505e-323
1.08694e-322
0
6.87282e+246
3.98455e+252
1.96689e-316
1.96691e-316
1.96697e-316
3.95253e-322
1.63042e-322
5.34859e-310
6.94981e-310
6.9498e-310
1.63042e-322
8.73893e-315
8.70025e+150
5.34859e-310
2.42092e-322
1.13073e+277
1.88513e-316
7.22927e+165
1.695e+166
2.37152e-322
1.63042e-322
5.6373e-67
4.32817e-315
0
1.63042e-322
6.94981e-310
1.8851e-316
1.58101e-322
2.42092e-322
1.99551e+161
7.34518e+223
2.0553e+185
4.00956e-315
0
2.61361e-321
6.94981e-310
6.94981e-310
0
0
0
0
0
0
0
0
0
0
0
0
0
0
0
0
0
0
0
0
0
0
0
0
0
0
0
0
0
0
0
0
0
0
0
0
0
0
0
0
0
0
0
0
0
0
0
0
0
0
0
0
0
0
0
0
0
0
0
0
0
0
0
4.79244e-322
6.94981e-310
4.94066e-324
1.87294e-316
1.8738e-316
4.94066e-324
1.8851e-316
9.65267e-315
0
0
0
0
4.79244e-322
6.94981e-310
4.94066e-324
1.87295e-316
1.87294e-316
4.94066e-324
1.88012e-316
8.65281e-315
0
0
0
0
4.79244e-322
6.94981e-310
4.94066e-324
